Agra    1000    2000    3000    4500    5000
Nagpur    1500    2500    3500    4600    5500
Nashik    1700    2400    3700    4400    5400
Mangaluru    1400    2090    3200    4580    5060
Coimbatore    1080    2270    3003    4507    5090
Vellore    1990    2076    3009    4501    5780
Chandigarh    4000    7000    6000    5300    7000
Belgaum    5600    5400    4000    3500    4000
Ahmedabad    1876    4352    5950    6550    6000
Jaipur    1780    2450    3770    4870    5089
Indore    3876    2567    4056    2500    6000